R_avg = [4.]
Z_height = [6.]
\Delta R_2 = [ 1.90232407e-01 -9.59003124e-18 -3.13020548e-02]
