R_avg = [2.007]
Z_height = [6.]
\Delta R_2 = [5.38460345e-02 3.12407185e-17 5.92668538e-04]
