R_avg = [2.005]
Z_height = [6.]
\Delta R_2 = [5.40673034e-02 3.23644008e-17 5.92696201e-04]
