R_avg = [4.]
Z_height = [6.]
\Delta R_2 = [-8.16915574e-02 -2.93690099e-16 -4.27871235e-02]
