R_avg = [3.5]
Z_height = [6.]
\Delta R_2 = [9.45435525e-03 2.67406828e-17 3.53794477e-04]
