R_avg = [3.]
Z_height = [6.]
\Delta R_2 = [ 1.35701731e-02 -7.21701167e-17  4.61710310e-04]
