R_avg = [4.]
Z_height = [6.]
\Delta R_2 = [-1.97406636e-01  2.66881399e-16 -1.85774345e-01]
