R_avg = [2.0008]
Z_height = [6.]
\Delta R_2 = [5.45362415e-02 3.31513182e-17 5.92749561e-04]
