R_avg = [2.8]
Z_height = [6.]
\Delta R_2 = [ 1.64807054e-02 -7.49569332e-17  5.00673807e-04]
