R_avg = [4.]
Z_height = [6.]
\Delta R_2 = [-2.44033973e-01 -1.46840688e-16 -1.64874234e-01]
