R_avg = [2.0007]
Z_height = [6.]
\Delta R_2 = [5.45474778e-02 7.36051017e-17 5.92750754e-04]
