R_avg = [2.0009]
Z_height = [6.]
\Delta R_2 = [5.45250085e-02 3.95451787e-17 5.92748365e-04]
