R_avg = [4.]
Z_height = [6.]
\Delta R_2 = [ 3.65341861e-01 -1.19014598e-15 -1.18361887e-01]
