R_avg = [4.]
Z_height = [6.]
\Delta R_2 = [ 9.93229799e-02  1.70913837e-15 -2.73534366e-02]
