R_avg = [4.]
Z_height = [6.]
\Delta R_2 = [ 2.29508769e-01  8.57198597e-16 -1.83170041e-01]
