R_avg = [15.]
Z_height = [6.]
\Delta R_2 = [ 4.81766322e-03 -3.00622390e-16 -1.00818865e-03]
