R_avg = [3.6]
Z_height = [6.]
\Delta R_2 = [8.94859772e-03 4.13216274e-17 3.31396909e-04]
