R_avg = [4.]
Z_height = [6.]
\Delta R_2 = [-4.35832842e-02 -2.53936771e-15 -2.07685570e-01]
