R_avg = [3.3]
Z_height = [6.]
\Delta R_2 = [ 1.07223402e-02 -2.49300741e-17  3.98089310e-04]
