R_avg = [3.1]
Z_height = [6.]
\Delta R_2 = [ 1.24591508e-02 -2.62800721e-17  4.41042729e-04]
