R_avg = [2.25]
Z_height = [6.]
\Delta R_2 = [3.43778709e-02 1.03296896e-18 5.79665483e-04]
