R_avg = [4.]
Z_height = [6.]
\Delta R_2 = [ 2.04235786e-02  1.30490294e-16 -2.17086298e-03]
