R_avg = [10.]
Z_height = [6.]
\Delta R_2 = [ 4.86874273e-03 -4.23932177e-16 -6.67636965e-04]
