R_avg = [2.35]
Z_height = [6.]
\Delta R_2 = [ 2.93078367e-02 -2.53747789e-17  5.69579922e-04]
