R_avg = [4.]
Z_height = [6.]
\Delta R_2 = [-2.56340558e-01 -2.39527597e-16 -1.12163256e-01]
