R_avg = [35.]
Z_height = [6.]
\Delta R_2 = [ 4.80483123e-03 -9.33793700e-17 -1.28680223e-03]
