R_avg = [7.]
Z_height = [6.]
\Delta R_2 = [ 5.08106149e-03 -1.51405809e-16 -3.06177006e-04]
