R_avg = [4.]
Z_height = [6.]
\Delta R_2 = [ 3.69073806e-01 -4.95739635e-16 -1.10529096e-01]
