R_avg = [2.5]
Z_height = [6.]
\Delta R_2 = [ 2.36143142e-02 -4.08868289e-17  5.50361690e-04]
