R_avg = [4.]
Z_height = [6.]
\Delta R_2 = [ 1.04608422e-01  2.30361863e-15 -2.73597612e-02]
