R_avg = [3.8]
Z_height = [6.]
\Delta R_2 = [ 8.12832526e-03 -1.27529255e-17  2.86498813e-04]
