R_avg = [4.]
Z_height = [6.]
\Delta R_2 = [-2.20820948e-01 -4.48932656e-17 -8.52568640e-02]
