R_avg = [30.]
Z_height = [6.]
\Delta R_2 = [ 4.80535395e-03  1.10003212e-16 -1.26837301e-03]
