R_avg = [2.01]
Z_height = [6.]
\Delta R_2 = [5.35165648e-02 3.24429230e-17 5.92624330e-04]
