R_avg = [4.]
Z_height = [6.]
\Delta R_2 = [ 3.65652847e-01  8.31895304e-16 -1.18357735e-01]
