R_avg = [4.]
Z_height = [6.]
\Delta R_2 = [2.35619559e-03 2.82645839e-17 4.15232605e-04]
