R_avg = [4.]
Z_height = [6.]
\Delta R_2 = [-1.28554809e-01  1.30185563e-15 -2.00439621e-01]
