R_avg = [3.7]
Z_height = [6.]
\Delta R_2 = [8.51009853e-03 1.98665917e-17 3.08942228e-04]
