R_avg = [2.05]
Z_height = [6.]
\Delta R_2 = [4.93878769e-02 2.85121101e-17 5.91730366e-04]
