R_avg = [2.6]
Z_height = [6.]
\Delta R_2 = [ 2.07374421e-02 -1.96393656e-17  5.35253493e-04]
