R_avg = [4.]
Z_height = [6.]
\Delta R_2 = [ 1.31298512e-01  2.86471913e-17 -3.85028051e-02]
