R_avg = [4.]
Z_height = [6.]
\Delta R_2 = [ 3.65676127e-01  1.17583055e-15 -1.18357420e-01]
