R_avg = [4.25]
Z_height = [6.]
\Delta R_2 = [ 6.91271816e-03 -4.11878354e-17  1.87011946e-04]
