R_avg = [5.75]
Z_height = [6.]
\Delta R_2 = [ 5.42194501e-03 -3.31979600e-17 -1.06589642e-04]
