R_avg = [2.7]
Z_height = [6.]
\Delta R_2 = [1.83991171e-02 6.00602590e-18 5.18613482e-04]
