R_avg = [4.]
Z_height = [6.]
\Delta R_2 = [ 4.99677374e-02 -2.76716938e-15 -2.07011498e-01]
