R_avg = [3.2]
Z_height = [6.]
\Delta R_2 = [ 1.15203438e-02 -3.39800321e-17  4.19791133e-04]
