R_avg = [4.]
Z_height = [6.]
\Delta R_2 = [ 6.32850954e-02  5.32728891e-16 -1.49789351e-02]
