R_avg = [4.]
Z_height = [6.]
\Delta R_2 = [ 2.99488820e-01  1.09266107e-15 -1.62107615e-01]
