R_avg = [4.]
Z_height = [6.]
\Delta R_2 = [ 1.43783441e-01 -1.04654500e-15 -1.98580495e-01]
