R_avg = [4.]
Z_height = [6.]
\Delta R_2 = [ 3.65673226e-01  7.75238538e-16 -1.18357465e-01]
