R_avg = [4.]
Z_height = [500.]
\Delta R_2 = [3.66558123e-01 2.46114016e-14 0.00000000e+00]
