R_avg = [3.4]
Z_height = [6.]
\Delta R_2 = [ 1.00402873e-02 -3.30834185e-17  3.76055680e-04]
