R_avg = [4.]
Z_height = [6.]
\Delta R_2 = [-1.60830769e-01  1.64524126e-15 -6.13908165e-02]
