R_avg = [4.]
Z_height = [6.]
\Delta R_2 = [ 3.65646029e-01  3.57040678e-16 -1.18357826e-01]
