R_avg = [3.9]
Z_height = [6.]
\Delta R_2 = [ 7.79463534e-03 -1.41857178e-17  2.64125142e-04]
