R_avg = [5.]
Z_height = [6.]
\Delta R_2 = [ 5.89429461e-03 -2.26501605e-17  3.20679530e-05]
