R_avg = [2.04]
Z_height = [6.]
\Delta R_2 = [5.03757829e-02 7.85308333e-17 5.92006134e-04]
