R_avg = [4.]
Z_height = [300.]
\Delta R_2 = [3.66558122e-01 4.44906256e-14 0.00000000e+00]
