R_avg = [4.]
Z_height = [6.]
\Delta R_2 = [ 3.65662991e-01  1.21200687e-16 -1.18357600e-01]
