R_avg = [4.]
Z_height = [6.]
\Delta R_2 = [ 3.63989509e-01  6.24674048e-15 -1.18379938e-01]
