R_avg = [4.]
Z_height = [6.]
\Delta R_2 = [ 3.65612259e-01  2.51958156e-15 -1.18358277e-01]
