R_avg = [40.]
Z_height = [6.]
\Delta R_2 = [ 4.80455355e-03 -1.28125880e-17 -1.29708158e-03]
