R_avg = [5.25]
Z_height = [6.]
\Delta R_2 = [ 5.69837557e-03  8.81071236e-17 -1.59340056e-05]
