R_avg = [25.]
Z_height = [6.]
\Delta R_2 = [ 4.80643904e-03  4.38887721e-17 -1.23329899e-03]
