R_avg = [4.75]
Z_height = [6.]
\Delta R_2 = [6.14659882e-03 1.66274149e-18 8.19214049e-05]
