R_avg = [2.15]
Z_height = [6.]
\Delta R_2 = [4.08884241e-02 1.10499180e-18 5.87178034e-04]
