R_avg = [4.]
Z_height = [6.]
\Delta R_2 = [ 5.52332940e-01 -3.61120146e-15 -1.75211746e-01]
