R_avg = [4.5]
Z_height = [6.]
\Delta R_2 = [ 6.47599784e-03 -2.56717831e-18  1.33608100e-04]
