R_avg = [4.]
Z_height = [6.]
\Delta R_2 = [ 3.27929577e-01  4.13431899e-16 -6.12395963e-02]
