R_avg = [6.]
Z_height = [6.]
\Delta R_2 = [ 5.32366395e-03  1.49307812e-16 -1.49413842e-04]
