R_avg = [4.]
Z_height = [6.]
\Delta R_2 = [ 2.68783768e-01  1.61052602e-16 -4.29675840e-02]
