R_avg = [4.]
Z_height = [6.]
\Delta R_2 = [-4.97750300e-04  9.97298644e-16 -2.08361675e-01]
