R_avg = [5.5]
Z_height = [6.]
\Delta R_2 = [ 5.54436204e-03  6.69495445e-17 -6.21274107e-05]
