R_avg = [4.]
Z_height = [6.]
\Delta R_2 = [ 1.07090002e-03 -1.47456159e-18  2.60700968e-04]
