R_avg = [4.]
Z_height = [6.]
\Delta R_2 = [ 8.08596980e-01  2.06978073e-15 -2.43850263e-01]
