R_avg = [4.]
Z_height = [100.]
\Delta R_2 = [ 3.66558083e-01 -3.58659112e-15  4.33253206e-07]
