R_avg = [2.4]
Z_height = [6.]
\Delta R_2 = [2.71908063e-02 1.04174903e-17 5.63680211e-04]
