R_avg = [2.002]
Z_height = [6.]
\Delta R_2 = [5.44016647e-02 6.98556460e-17 5.92734970e-04]
