R_avg = [4.]
Z_height = [6.]
\Delta R_2 = [ 3.65677395e-01  1.15170865e-15 -1.18357411e-01]
