R_avg = [8.]
Z_height = [6.]
\Delta R_2 = [ 4.96446355e-03 -6.73231802e-16 -4.43114111e-04]
