R_avg = [4.]
Z_height = [6.]
\Delta R_2 = [ 3.62379454e-01  2.01957565e-16 -8.44508186e-02]
