R_avg = [2.001]
Z_height = [6.]
\Delta R_2 = [5.45137788e-02 3.17991589e-17 5.92747168e-04]
