R_avg = [2.3]
Z_height = [6.]
\Delta R_2 = [3.16894416e-02 4.20731798e-17 5.74922085e-04]
