R_avg = [4.]
Z_height = [6.]
\Delta R_2 = [ 7.50189529e-03 -2.80033012e-17  2.41870769e-04]
