R_avg = [9.]
Z_height = [6.]
\Delta R_2 = [ 4.90320640e-03  2.04644726e-16 -5.63054355e-04]
