R_avg = [4.]
Z_height = [1000.]
\Delta R_2 = [ 3.66558124e-01 -4.31991136e-14  0.00000000e+00]
