R_avg = [2.45]
Z_height = [6.]
\Delta R_2 = [ 2.53029222e-02 -3.23019765e-17  5.57261863e-04]
