R_avg = [2.03]
Z_height = [6.]
\Delta R_2 = [5.13924820e-02 1.39866505e-17 5.92247389e-04]
