R_avg = [4.]
Z_height = [6.]
\Delta R_2 = [1.97035158e-04 1.25235829e-18 6.06343929e-05]
