R_avg = [4.]
Z_height = [6.]
\Delta R_2 = [ 3.47451533e-01 -1.30680084e-16 -1.37183775e-01]
