R_avg = [2.2]
Z_height = [6.]
\Delta R_2 = [3.74238052e-02 2.01625629e-18 5.83766347e-04]
