R_avg = [4.]
Z_height = [6.]
\Delta R_2 = [ 3.62298055e-01 -2.25805293e-15 -1.18402508e-01]
