R_avg = [4.]
Z_height = [6.]
\Delta R_2 = [ 1.05608056e-01  2.16905900e-16 -2.73638681e-02]
