R_avg = [4.]
Z_height = [6.]
\Delta R_2 = [-2.64291219e-01 -6.43332250e-17 -1.39563140e-01]
