R_avg = [20.]
Z_height = [6.]
\Delta R_2 = [ 4.80907113e-03  9.74245924e-17 -1.16206179e-03]
