R_avg = [4.]
Z_height = [6.]
\Delta R_2 = [ 2.29424265e-01  1.23744850e-16 -7.28890652e-02]
