R_avg = [4.]
Z_height = [6.]
\Delta R_2 = [ 9.51774043e-03  4.37629889e-17 -3.11161902e-02]
