R_avg = [4.]
Z_height = [6.]
\Delta R_2 = [ 3.17682949e-01  9.65517995e-16 -1.18633081e-01]
