R_avg = [2.9]
Z_height = [6.]
\Delta R_2 = [ 1.48934807e-02 -5.20679919e-17  4.81643467e-04]
