R_avg = [2.02]
Z_height = [6.]
\Delta R_2 = [5.24390384e-02 7.62354180e-17 5.92453625e-04]
