R_avg = [4.]
Z_height = [200.]
\Delta R_2 = [ 3.66558119e-01 -4.26383540e-14  0.00000000e+00]
