R_avg = [4.]
Z_height = [50.]
\Delta R_2 = [ 3.66557798e-01 -4.33039644e-16  5.68391347e-06]
